1)	10	1.0853200000e-04	4.2750000000e+01	45	45	
2)	20	1.7994550000e-05	1.8050000000e+02	190	190	
3)	30	3.5066100000e-05	4.1325000000e+02	435	435	
4)	40	5.8030300000e-05	7.4100000000e+02	780	780	
5)	50	3.3070125000e-04	1.1637500000e+03	1225	1225	
6)	60	1.2189345000e-04	1.6815000000e+03	1770	1770	
7)	70	1.6305445000e-04	2.2942500000e+03	2415	2415	
8)	80	2.0864525000e-04	3.0020000000e+03	3160	3160	
9)	90	2.6102405000e-04	3.8047500000e+03	4005	4005	
10)	100	3.1932205000e-04	4.7025000000e+03	4950	4950	
